time,x,y,z,phi,theta,psi,x_velocity,y_velocity,z_velocity,phi_velocity,theta_velocity,psi_velocity,rotor_speed1,rotor_speed2,rotor_speed3,rotor_speed4
0.06,-1.111171248075036e-06,3.5112625018138713e-07,10.005084460361667,0.0002974967974607168,0.0007367883448941015,0.0,-8.658700766643897e-05,3.0084657977360136e-05,0.16947126285507366,0.013382825640409355,0.029558614949899246,0.0,457.54826034013996,459.894998338589,457.57043019004476,458.6343225234206
0.12000000000000001,-2.870886500562166e-05,1.1475280169453903e-05,10.018620195031039,0.0010035091847724331,0.0025181319955471793,0.0,-0.0010178520426592807,0.0004192657546459648,0.2816978842800501,0.008321537925146762,0.0299486400437538,0.0,439.70511390031635,439.73770169231796,442.09574707413435,441.6784747858045
0.18,-0.0001588929678131387,6.340484432040155e-05,10.042008552238118,0.0017603851749221633,0.004550912039925414,0.0,-0.0035508519799113854,0.0013878822630827936,0.4978435561824524,0.02005361132957236,0.04076526637452638,0.0,472.59025798909687,473.42350470885475,471.3998272299765,472.30526604330754
0.23999999999999996,-0.0004815014471918673,0.00019031999289400976,10.076058215252642,0.00326012060644576,0.007258745217461282,0.0,-0.007481531045951546,0.0029897943464254513,0.6370755295346521,0.033395129996437053,0.05267640547400698,0.0,450.10196276559077,451.06588400763525,447.79028584850886,448.874206578577
0.3,-0.0010991337692622771,0.00044809690476439084,10.118148128185608,0.005488125856873971,0.010168054828259443,0.0,-0.013429914605523348,0.005828259098905324,0.7658400199291775,0.043720018143971855,0.038422809638751436,0.0,446.8119383533217,445.6499593358,446.10890034558383,446.95168550387825
0.36000000000000004,-0.002113737360729722,0.0009156054812182754,10.166147229864817,0.008214484772591568,0.012479633510737997,0.0,-0.020614336106301614,0.010015518808773423,0.834078125720201,0.04867247939148961,0.038732463519643566,0.0,427.54957514769876,427.5767444400142,426.8949300961687,427.31854580641476
0.4200000000000001,-0.0036318544599738133,0.0017071523665169509,10.220303633016343,0.010740475353129497,0.014981844055661497,0.0,-0.03024818351351915,0.016666610777845366,0.9710222571225943,0.023806254246923158,0.04706541068933461,0.0,448.79900530979967,449.4756561213957,450.31241948051843,448.29756419962166
0.48000000000000015,-0.0057579845445066636,0.0029278023895673616,10.280957305788585,0.012160622167359136,0.018103195505916325,0.0,-0.04091753228067319,0.02416187064990989,1.0506900408944557,0.02339344541394889,0.06044228664119259,0.0,431.0116650323677,432.14239711092466,431.2583642229985,431.22357874229516
0.5400000000000001,-0.008663838699267908,0.004675564568176369,10.350345035339057,0.013385294157329142,0.021330198245085974,0.0,-0.05635275256572375,0.03425076424046995,1.2620145700712546,0.013657311786540944,0.03513431691933022,0.0,472.51048762142295,470.5572658638371,472.98897080000967,472.23860141234076
0.6000000000000002,-0.012529168846411714,0.007031850473409916,10.430624537073822,0.014600758186251284,0.024359479777434245,0.0,-0.07278110869664994,0.04440387385740194,1.4137844808615523,0.030962176655888157,0.07066656949746541,0.0,453.4326308721236,456.27927356285954,453.8205898009971,455.2073091676753
0.6600000000000003,-0.01739131846946732,0.009990409713019538,10.517485573894852,0.016508935876228925,0.028353297831559487,0.0,-0.0896903612493316,0.054396357129486754,1.481483696051678,0.0334333248852831,0.05674800614442141,0.0,428.49026082043514,427.30892766322347,429.25758971403417,429.46762526203827
0.7200000000000003,-0.023326545921557813,0.013577075716924288,10.607815439540765,0.018967172612883054,0.0315326345890945,0.0,-0.10846065419244089,0.06537129567069241,1.5294344884579574,0.052887767096519114,0.04415181149217734,0.0,422.5145960856437,421.4292939350854,421.98715633475564,423.6639663415477
0.7800000000000004,-0.030580326119508942,0.017954146899779835,10.70518005418063,0.022167425406009578,0.034765404870111816,0.0,-0.13366716275801682,0.0808913580967353,1.7157710534136705,0.054221934583249726,0.06842073063100573,0.0,464.798916021965,466.69852997095444,466.0421879542655,466.1481751122336
0.8400000000000004,-0.03935072963880714,0.023288009125072503,10.811527784673785,0.026063135239099644,0.039846660144092994,0.0,-0.1591632752821536,0.0972770083079226,1.8289492909153346,0.0805548570107963,0.10565342293688304,0.0,442.9310699980411,445.987731569369,442.768732774147,444.93265640381225
0.9000000000000005,-0.049945791616961076,0.029810698221227797,10.929058870077974,0.030667256105448182,0.046128912119039356,0.0,-0.19478043704158315,0.120727149921541,2.0882618603286205,0.06773083451840123,0.10273647136879183,0.0,488.27039560588327,488.0612395108652,488.84224074205576,487.8898127474486
0.9600000000000005,-0.062481630241162905,0.037617851732388775,11.054628077839858,0.03482949303179428,0.05206807597259022,0.0,-0.22361767681425082,0.13987387421667205,2.0973188948380277,0.07246197375419863,0.09017746834390554,0.0,412.7305624985299,411.62988274133556,411.23086612286403,411.6537876761631
1.0200000000000005,-0.0770118992629425,0.04675622072388725,11.183740505180644,0.03909479540749494,0.05757305158420678,0.0,-0.2612786227133182,0.16517444796110242,2.206170559311783,0.06819067854232617,0.09471971447410236,0.0,443.86632950868386,444.2460032716947,445.03985474580236,444.69399479782055
1.0800000000000005,-0.09395571144806585,0.05752603150906506,11.320009259468518,0.04328448008292973,0.06338659640494182,0.0,-0.30411294451832077,0.19424729511067707,2.335800804347821,0.07291520278277785,0.10091480760707598,0.0,451.42129605795867,451.9287425691809,451.1236602145302,451.50859671435865
1.1400000000000006,-0.11356550763336817,0.07010957578361479,11.463554602224958,0.04773374631322458,0.06989928300116688,0.0,-0.35018920325154324,0.2256492001605784,2.4487322090631634,0.07652306739493349,0.1205730002439554,0.0,446.7523004009824,448.36232425293457,446.2893070101684,446.587941501297
1.2000000000000006,-0.13604946407315158,0.08464927746534714,11.613413134261132,0.051932824262983956,0.07720038567742105,0.0,-0.4000009004237658,0.2594447506197374,2.5462477932522996,0.05183855018326728,0.12381917137618517,0.0,442.27680593476566,442.55752996333706,444.27560925817977,442.2506944440652
1.2600000000000007,-0.16180578754285974,0.10138563367089005,11.770781987683383,0.05566942655575069,0.08469669238228406,0.0,-0.4593366676566367,0.2987915455116595,2.6989252281205283,0.07761046011366571,0.12708584723724287,0.0,460.7414533581238,461.01321194094385,459.26503705969714,461.3070722218168
1.3200000000000007,-0.19102579695508362,0.12039729889324007,11.934232120640981,0.06044702635666255,0.09219130811329013,0.0,-0.5153709778649693,0.33536428715410016,2.7491810536405543,0.08337935569010595,0.12016461499188186,0.0,429.204612597014,428.6315831675397,429.4897247311304,429.9840407541364
1.3800000000000008,-0.22406801362903692,0.1419011722333946,12.104036603843516,0.06525993785252471,0.10036093641664934,0.0,-0.5868671717487934,0.3819442504266629,2.910421656526487,0.07299199061392415,0.15688751016857377,0.0,462.83773958955754,465.73431204277114,465.4497815797387,464.6409821076108
1.4400000000000008,-0.2618931184652346,0.16649774411685953,12.286418626586865,0.06937330587608326,0.1095435891994816,0.0,-0.6750678874234121,0.43841765082155737,3.168096164836167,0.057754783736301746,0.14398012952019126,0.0,495.0747833887223,494.14356884283785,494.0842981884968,492.9626358020556
1.5000000000000009,-0.3051869244556986,0.19454671264532034,12.483744190645407,0.0726633556305405,0.1180449784939448,0.0,-0.7690355068408545,0.49690014076283395,3.408531423072984,0.04824112614050188,0.13666949497663833,0.0,490.8514998993719,490.3252600092588,491.53282621935574,490.8289564654273
1.560000000000001,-0.35329429600871176,0.22555073696455405,12.68686063443802,0.07569984345641156,0.12697158766631134,0.0,-0.8352562568470457,0.5368030702702522,3.36200852286719,0.05496388176903136,0.16586472131277985,0.0,401.0996597990159,403.7650829460251,401.68931232126266,402.3004461858272
1.620000000000001,-0.4062429896006476,0.25941916407713633,12.892682227216033,0.07867152293746305,0.13682826562449169,0.0,-0.9307108148558452,0.5924330356153762,3.4980684708410723,0.03550526163405867,0.1609039037903836,0.0,461.78751446883257,461.420646098268,463.03517212435645,461.50315450198605
1.680000000000001,-0.4657394170974514,0.29702508158318536,13.110953534481688,0.0812144060880442,0.14592457079276766,0.0,-1.0536024415925944,0.6613046379259866,3.7764682851516187,0.05344767771719772,0.11692431474265272,0.0,507.17122247373663,504.0198517640403,503.509481897479,504.80662126867645
1.740000000000001,-0.5324225433032576,0.3386031857772598,13.343116547127755,0.08394411580982286,0.15294129230906073,0.0,-1.1698784419752577,0.7249077445467792,3.9614252530787764,0.02061072404034019,0.11698737406851352,0.0,480.48897557528545,480.5048874165922,481.32329102450245,478.8325114704239
1.8000000000000012,-0.6059821824980227,0.3839054254959857,13.584642869070269,0.08547880788481965,0.15976684103324867,0.0,-1.282774591140998,0.7852519124636359,4.088772105153185,0.03401477906157029,0.1063697127944829,0.0,465.1926482048783,464.37128362236666,464.2027651842668,465.253579856914
1.8600000000000012,-0.6861475229163297,0.43269379563056914,13.831845276927138,0.08733907115554462,0.16622700353495556,0.0,-1.3899876603867372,0.8411711237697522,4.150860810896599,0.024178522938285825,0.1101475816092339,0.0,445.5596377395001,445.87856126155947,446.31576856404155,445.512488502473
1.9200000000000013,-0.7728983600351621,0.4848793813576034,14.0828777505196,0.08869513608835611,0.17256857524817093,0.0,-1.502297395016441,0.8984348052440231,4.216412054183264,0.019243607913765805,0.09483911675546818,0.0,448.266882349549,447.03062388511523,448.3249067166179,447.92374819939334
1.9800000000000013,-0.8666094550160909,0.540570965280263,14.338363218583133,0.08966488226833835,0.17837031424121363,0.0,-1.6219258732227366,0.9579994489706952,4.299221243169152,0.009151683650716627,0.10016924006579032,0.0,454.6244683300052,455.0591234947783,454.2507682472449,453.44059025934445
2.0400000000000014,-0.9675112457953231,0.5997951046168315,14.598186228059662,0.08975347560340019,0.18471474817738898,0.0,-1.7420248663475553,1.0161217946050904,4.361061415400955,-0.0219201927035025,0.11503361128787791,0.0,448.45901253266237,449.67444224913584,449.9808001632161,447.4581314928307
2.1000000000000014,-1.076118459776529,0.6626709630534582,14.863637959200853,0.08804089460032039,0.19120282561363933,0.0,-1.8788384709489618,1.079500111953843,4.4865574894361915,-0.04704712600925057,0.08847265742917308,0.0,470.78910169689897,468.738536086784,470.66996667491964,468.720774120543
2.1600000000000015,-1.1925663722964546,0.7290733898799748,15.133998799181144,0.08539347815122067,0.19634250705686185,0.0,-2.003224516082596,1.133608513635757,4.525101627541282,-0.0388395849635955,0.0793491721374227,0.0,444.5696816917167,443.8274186190507,443.60538186404534,444.27780128934734
2.2200000000000015,-1.3166158206419876,0.798684014077959,15.406834744275557,0.08322325651991225,0.2009094749439191,0.0,-2.1321722651696233,1.1864815596372238,4.569030736715011,-0.03130602119180564,0.06871110773808045,0.0,446.8957199761158,446.03215408202277,446.4277346100603,447.0415108221649
2.2800000000000016,-1.4481919965125996,0.8712991020619086,15.680811488134756,0.08138205098042839,0.2046885466271915,0.0,-2.2540695358661944,1.2338263425976024,4.563349560930921,-0.029476353749003148,0.04794367414923454,0.0,431.7778276364854,430.0248702600364,431.54022790522816,431.6943224502171
2.3400000000000016,-1.587705511442269,0.9469323180232697,15.957074507281211,0.0795136305552564,0.2075496462833728,0.0,-2.3966175112360237,1.2870352487272825,4.644865584403096,-0.03469459673571372,0.0471627236931801,0.0,459.9360662693354,459.8754954293469,459.7213922312565,459.3073708210936
2.4000000000000017,-1.7363240930064454,1.025894699787613,16.240494092615023,0.07736508313460266,0.21102432325644216,0.0,-2.5575679877482522,1.3447153865642196,4.80152827100069,-0.038136389361189516,0.07358400087710548,0.0,482.93209364670935,484.92305117066707,483.6514692277975,483.3916883614959
2.4600000000000017,-1.8939378061444392,1.10799236802992,16.5297849422971,0.07468671785983183,0.21532882352261584,0.0,-2.696616108988086,1.391590715450658,4.8410708944044165,-0.0626464939398051,0.0677782259267803,0.0,450.3794996670806,449.9134914515031,450.0840284324548,448.0943449284682
2.520000000000002,-2.0602884264993437,1.1929421565438438,16.822799529658383,0.07107629032766472,0.2193413895074885,0.0,-2.8487527510624333,1.4396275989576943,4.925442669647747,-0.05563958723693431,0.06500885779759814,0.0,464.2620627494331,464.0478168592217,464.8020485805393,465.3485424543508
2.580000000000002,-2.234670807182413,1.2803208247628501,17.1155453509641,0.06746374321661719,0.22370233646759186,0.0,-2.9644363033751167,1.4727287930478377,4.832958532665874,-0.07141807522600026,0.08476864629925107,0.0,406.6682910621522,408.43925042187163,408.45446039677154,407.0415497033085
2.640000000000002,-2.4180405068430426,1.3701955810544493,17.411299964762744,0.06348696831330791,0.22874685848557252,0.0,-3.14829611950626,1.522510280112439,5.024296567358499,-0.057598621648599094,0.08265240208984385,0.0,497.3018445197002,497.1517441405644,497.488461874658,498.4966373492646
2.700000000000002,-2.6118553461943965,1.4627664362238424,17.715433355770664,0.06017716806081541,0.23374493188030154,0.0,-3.3126318638072214,1.5627715572064755,5.112721634400962,-0.05069209110435628,0.08456747981238479,0.0,469.6018406291995,469.75563915517506,468.85150233020164,469.38599608078914
2.760000000000002,-2.8158516664062483,1.55773058001008,18.025689798569704,0.0567192499676219,0.2387313879157098,0.0,-3.487667792603297,1.6022851108336935,5.228219737122074,-0.07748711058134984,0.08001724964017194,0.0,479.2024434696322,478.86144592042086,480.4306168981585,478.3920540833534
2.820000000000002,-3.0298988523044477,1.6548477597300355,18.340499125150227,0.05238770116392999,0.24388768621897672,0.0,-3.647699904626179,1.6344804486626303,5.264893509060691,-0.063288464450674,0.09571893909605161,0.0,456.6607064048417,457.91748370429553,455.73478846331113,456.864536737081
2.880000000000002,-3.2533947680244264,1.753754374112881,18.65639121906351,0.04869157089038634,0.24941447439310682,0.0,-3.80269947064877,1.6620338179743555,5.264463593208816,-0.05842793320793854,0.08370441843028496,0.0,446.4020268103489,445.42740865294724,446.0503813189843,446.44451577098107
2.940000000000002,-3.4855503658661817,1.854101451379896,18.96927045811149,0.04586594177200798,0.2546440713697775,0.0,-3.936379388940185,1.6826271898646294,5.165002677210051,-0.030795121435694753,0.09329942801374541,0.0,413.5145122914747,414.36593904629643,411.8700041263649,414.3055317151789
3.000000000000002,-3.7261816900475355,1.9557022788693494,19.27750572067156,0.04396597655658585,0.2601635037421568,0.0,-4.085230722426931,1.7038933717940965,5.109376992307435,-0.033467177363837496,0.08923722166294232,0.0,428.56522362391064,428.22719668869547,428.38497657626516,428.15725247158906
3.0600000000000023,-3.9762927749198393,2.0586138927228093,19.584001367559562,0.04158962938090838,0.2657164293098422,0.0,-4.252339017501615,1.7262678669319738,5.106709418748822,-0.05617651374747931,0.09845871990133874,0.0,445.1408360325698,445.902126902,447.88455005318207,446.0324553203996
3.1200000000000023,-4.235392372771564,2.162641356834613,19.886045426145998,0.03790166482120494,0.2716007942841765,0.0,-4.384973575272486,1.7410735220022173,4.961755814531249,-0.0749883640269922,0.09729004010956724,0.0,398.14413107015594,398.0466396171502,399.1467495231932,397.42245208984144
3.1800000000000024,-4.503860534147172,2.267672099876023,20.184018830964728,0.0335863473697513,0.27740697149783067,0.0,-4.564537174209674,1.759516729256561,4.970161740852072,-0.06640607793878171,0.09570875305053855,0.0,449.9978518104002,449.87767815893886,450.0714214604293,450.76169825729903
3.2400000000000024,-4.783051739434379,2.373706183080418,20.48180650309217,0.029911347652820552,0.28273233184850177,0.0,-4.742410121945856,1.7745917691362996,4.955667582534359,-0.052543481546467055,0.06885194292861953,0.0,444.71195591898606,442.5124587034285,443.5621433644899,444.69661681250886
3.3000000000000025,-5.072839527749151,2.48055845340334,20.778008171560383,0.0267905086390563,0.2874216408247712,0.0,-4.91770048364074,1.7868674036884313,4.917442540261986,-0.05097585390947748,0.09220691544496104,0.0,436.1570279316126,438.1084518514521,436.60290020239137,436.7318998105294
3.3600000000000025,-5.373747044078139,2.588133798868352,21.07350631032218,0.02343260640418432,0.2932729391995128,0.0,-5.11312169332561,1.7986578392395014,4.931843422675512,-0.06849679804945227,0.10645261807787447,0.0,455.02756576458097,456.1745903903513,454.86282185265156,453.4550675710238
3.4200000000000026,-5.687435676658587,2.6964151996935337,21.372816050480637,0.018980353619302726,0.2997817046713793,0.0,-5.343728840247221,1.810232269163684,5.043869116922595,-0.08917407706787975,0.11224964417597737,0.0,486.50985160573964,486.95300429596506,487.49143721091036,485.93965898563465
3.4800000000000026,-6.01461122812161,2.8052565308067723,21.677087535687075,0.013803487401202297,0.30635559726532335,0.0,-5.5627455430735075,1.8172714786371529,5.097521376725972,-0.08104894929342926,0.10357305447277802,0.0,471.8764632940844,471.2158581965504,471.0730598256849,471.6953651085261
3.5400000000000027,-6.354437311569301,2.9143898004131668,21.982443607591527,0.008684743996289157,0.31303150347220754,0.0,-5.765459800691396,1.8200554201733132,5.080410137108642,-0.09559631992785377,0.1233711221652373,0.0,448.94227856394457,450.5567762289529,452.796119899363,451.61804958731
3.6000000000000028,-6.706138884153986,3.0235846773340294,22.285325981360117,0.0033439277668847467,0.31993486949600936,0.0,-5.9586956540512395,1.8193234768558042,5.015286266525469,-0.07833830921076818,0.08805189908839783,0.0,437.52917163183605,434.5893843318458,436.04916872023256,437.4819505548169
3.660000000000003,-7.069256413960624,3.1326481560827415,22.583249476550165,6.281917565255105,0.3250551957100418,0.0,-6.145916859603015,1.8157739799100532,4.915379097361565,-0.07406102050346654,0.07927437725021366,0.0,425.68990135653166,424.94425258419176,425.0335493791925,425.39509174384807
3.720000000000003,-7.445193249795894,3.241420483020537,22.879433100653877,6.277851454228527,0.33002275269126446,0.0,-6.385822148570389,1.8095670477207244,4.95641292791839,-0.057480207165341524,0.08903158914347484,0.0,472.4362873043148,473.19326587416595,470.8060207749828,472.08417499685316
3.780000000000003,-7.834595106038174,3.34976383420737,23.17485828504523,6.274326705198835,0.3353684977917126,0.0,-6.594921023685951,1.8016039654755984,4.89068086979707,-0.061404227049241845,0.08922367955470437,0.0,439.6776750092182,439.70030176687567,439.59224158947075,439.26441656837153
3.840000000000003,-8.236118922202577,3.4575882505026434,23.464644071725203,6.270318505110804,0.3404985602994186,0.0,-6.789970142216147,1.7922743205840972,4.768751606128967,-0.08069655939884622,0.07676855935026744,0.0,421.49438262227966,420.4226982482461,422.06652406588955,420.3939467705076
3.900000000000003,-8.651202099484633,3.5647266883367235,23.75188801645512,6.265358270184466,0.34524047459932294,0.0,-7.046668156493622,1.7785611064760747,4.804972576376857,-0.08694089778055142,0.08321020810840347,0.0,473.5093049946717,474.00926828167195,474.49971909795045,474.01489052954696
3.960000000000003,-9.080439371100596,3.6710212390249226,24.037319328793462,6.260099649508284,0.3499632948819631,0.0,-7.261989444099365,1.7642072315087585,4.709102576884807,-0.08908662040651867,0.0677297948002527,0.0,433.91987289576366,432.6230592792198,432.58302043096296,432.39564304147234
4.020000000000002,-9.524338088829724,3.7762719364443798,24.3212905275364,6.254824882888194,0.3537900551847528,0.0,-7.535123161184816,1.7436745255451975,4.755418022095426,-0.08566425656833426,0.05440238943242562,0.0,479.8322787490214,478.8218192405414,480.86516111868906,481.11863069000117
4.080000000000001,-9.982316237648357,3.880387330197036,24.60130569433783,6.249762266679342,0.3566024970618278,0.0,-7.7316625653976905,1.726518865131232,4.578653492753387,-0.08192073543752733,0.024244122097897017,0.0,408.7284379011111,406.03232287381945,407.28038404430254,407.6086268287384
4.14,-10.453665459624924,3.9832798307080663,24.874545401737887,6.2449549595575675,0.3583485760914149,0.0,-7.980538608788537,1.7028629074875699,4.5288272815324975,-0.07674891820364335,0.037377034060602964,0.0,450.6218489913868,451.68272610079464,451.04613470765065,451.4586650128395
4.199999999999998,-10.939916407318119,4.08469652727509,25.144288973185006,6.240473521996773,0.3611566495468175,0.0,-8.228491081826853,1.6773676309420695,4.462122040959993,-0.07086480811848986,0.060995966288053316,0.0,446.0696455372984,447.9959817597859,446.2966040443177,446.7723857473783
4.259999999999997,-11.441716610618213,4.184459272465269,25.411322397996614,6.2362846527976785,0.36450844479860045,0.0,-8.49883695198079,1.647751295018167,4.438107729442058,-0.06779352642179517,0.04286234311835337,0.0,462.61492369182156,461.18641175497254,462.2944453518746,462.5329449168624
4.319999999999996,-11.95873116580216,4.2825263763664125,25.67376727623676,6.232211331759302,0.3673574097740806,0.0,-8.735821571672696,1.6208950391901507,4.30984762708926,-0.0680795831164536,0.05540900501074969,0.0,428.4129748446742,429.48019337281033,428.75435821827995,428.72640079701176
4.379999999999995,-12.49084267163532,4.378836212244254,25.930291456792578,6.228215129327834,0.370242566791692,0.0,-9.00199978967702,1.5891690390287498,4.240298624349132,-0.06380466832249723,0.02646418452699493,0.0,450.69276321274367,448.34785228885465,449.4842445159321,449.8273978219018
4.439999999999993,-13.03914010329238,4.47318162080775,26.182675925196445,6.224053047440089,0.3716734457566506,0.0,-9.275307421862454,1.555419990650402,4.171925048760032,-0.08382914705148485,0.01802235586926267,0.0,451.37111864680656,450.68919606513725,452.4937027638562,450.87461831674824
4.499999999999992,-13.605165771473477,4.565261778917828,26.433861883272378,6.219114119380475,0.37243823677551724,0.0,-9.592733021671416,1.51354898642438,4.199733960177507,-0.07944978298496078,-0.0007380495642288114,0.0,484.28923466553476,482.87561234773443,483.7237637818506,484.0486191542507
4.559999999999991,-14.187446947562567,4.655237929113836,26.67908549905126,6.2144672257209805,0.3725230006270426,0.0,-9.817771402774977,1.4853887348998986,3.9748333771836517,-0.07372091594577389,0.005400579606012416,0.0,398.3428260737959,398.903949577491,400.82634078146293,401.34132947059453
4.6199999999999894,-14.784873367985751,4.743221072407296,26.914501161333497,6.209794994532608,0.37269068768541036,0.0,-10.097320359364096,1.4471018381191951,3.871963197551236,-0.0878207601519125,-0.0030061499864166216,0.0,442.6243605287892,441.93172291352784,443.7551560040843,442.5909453668506
4.679999999999988,-15.399629171255429,4.828774505855808,27.144624928244536,6.2042445314285075,0.3727079869449792,0.0,-10.39538497279288,1.404329202543961,3.7982396675285908,-0.10407546502474384,0.006175281618042903,0.0,453.32856360761923,454.06592985430143,453.870567953311,452.5565647572321
4.739999999999987,-16.034039208107167,4.911360323507777,27.374262839487727,6.198067285292659,0.37323455580598797,0.0,-10.752213989794955,1.348076309438431,3.854833139199161,-0.10080242999811435,0.013527542559657744,0.0,496.0042155184716,496.5438791093203,496.35345812691764,496.5856671317492
4.799999999999986,-16.68946282190606,4.990596815301654,27.60565352995908,6.191816406984078,0.3741168976813718,0.0,-11.096029325483658,1.292731033257489,3.8569133086292804,-0.11197264729818077,0.01696355503599742,0.0,481.9542945627238,482.213865631671,483.7777281792401,482.92711674907457
4.859999999999984,-17.36411758030114,5.066794892186107,27.832945957221902,6.184849247281875,0.37483988027360304,0.0,-11.39365116753038,1.2468042706388718,3.7190960519599283,-0.12605684902078892,-0.00024598793075456156,0.0,440.08906241812855,438.6617487247854,440.2286727759513,439.04898036846646
4.919999999999983,-18.056985439197614,5.140123999004245,28.05217334936509,6.177009536923448,0.3749613948230319,0.0,-11.703161221834085,1.1970391475805395,3.588051528242034,-0.14197086864882086,0.006219667260345441,0.0,441.87259874911,442.40541443017077,443.98092190114784,442.65698594970024
4.979999999999982,-18.770347987581886,5.209913818375313,28.267667710412923,6.168104211864517,0.3751031455198284,0.0,-12.076526629664023,1.1286964816472886,3.593655322327821,-0.16619436626346154,-0.0067554244723205216,0.0,488.79114779407575,487.8229448694204,489.4360760045103,487.61039197678014
5.0399999999999805,-19.506469939732526,5.275427569992504,28.483622927005975,6.158678071131622,0.3748614621033326,0.0,-12.461841169832983,1.054427621358882,3.603360773959147,-0.14330452922845194,0.0009342535765205391,0.0,491.7875169674295,492.35699131962707,492.3921220274439,494.06191737773895
